p_1 | ... | p_N | ID | Cost | in Simplex numb. | Operation
-0.7500	0.3500	1.0000	0.7750	0.0000	0.0000	
-0.6500	0.3500	2.0000	0.7500	0.0000	0.0000	
-0.7500	0.4500	3.0000	0.8000	0.0000	0.0000	
-0.6500	0.2500	4.0000	0.7250	0.0000	1.0000	
-0.6000	0.1500	5.0000	0.6875	1.0000	2.0000	
-0.5000	0.1500	6.0000	0.6625	1.0000	1.0000	
-0.3750	0.0500	7.0000	0.6063	2.0000	2.0000	
-0.6500	0.3500	8.0000	0.7500	2.0000	-1.0000	
-0.6500	0.3500	9.0000	0.7500	2.0000	-2.0000	
-0.3250	-0.1500	10.0000	1000.5438	2.0000	1.0000	
-0.5687	0.2250	11.0000	0.6984	2.0000	32.0000	
-0.6000	0.1500	12.0000	0.6875	3.0000	-1.0000	
-0.6000	0.1500	13.0000	0.6875	3.0000	-2.0000	
-0.4062	-0.0250	14.0000	1000.5953	3.0000	1.0000	
-0.5281	0.1625	15.0000	0.6727	1.0000	32.0000	
-0.3750	0.0500	16.0000	0.6063	4.0000	-1.0000	
-0.3750	0.0500	17.0000	0.6063	4.0000	-2.0000	
-0.3031	0.0625	18.0000	0.5914	4.0000	1.0000	
-0.1547	0.0188	19.0000	0.5434	1.0000	2.0000	
-0.0016	-0.0937	20.0000	1000.4770	5.0000	1.0000	
-0.3965	0.0984	21.0000	0.6237	2.0000	32.0000	
-0.3750	0.0500	22.0000	0.6063	6.0000	-1.0000	
-0.3750	0.0500	23.0000	0.6063	6.0000	-2.0000	
-0.1332	-0.0297	24.0000	1000.5259	6.0000	1.0000	
-0.3307	0.0664	25.0000	0.5993	1.0000	32.0000	
-0.1547	0.0188	26.0000	0.5434	7.0000	-1.0000	
-0.1547	0.0188	27.0000	0.5434	7.0000	-2.0000	
-0.1104	0.0352	28.0000	0.5364	7.0000	1.0000	
0.0220	0.0277	29.0000	0.5014	1.0000	2.0000	
0.1979	-0.0199	30.0000	0.4455	8.0000	1.0000	
0.4623	-0.0631	31.0000	0.3687	2.0000	2.0000	
-0.1547	0.0188	32.0000	0.5434	9.0000	-1.0000	
-0.1547	0.0188	33.0000	0.5434	9.0000	-2.0000	
0.1754	-0.3413	34.0000	0.3708	9.0000	0.5000	
0.6156	-0.4321	35.0000	0.2381	9.0000	1.0000	
0.9125	-0.6620	36.0000	0.1064	1.0000	2.0000	
1.1994	-0.3838	37.0000	Inf	10.0000	1.0000	
0.4314	-0.3519	38.0000	0.3042	2.0000	32.0000	
0.4623	-0.0631	39.0000	0.3687	11.0000	-1.0000	
0.4623	-0.0631	40.0000	0.3687	11.0000	-2.0000	
0.8816	-0.9508	41.0000	0.0419	11.0000	1.0000	
1.0913	-1.3947	42.0000	Inf	1.0000	2.0000	
0.9125	-0.6620	43.0000	0.1064	12.0000	-1.0000	
0.9125	-0.6620	44.0000	0.1064	12.0000	-2.0000	
1.3627	-1.2609	45.0000	Inf	12.0000	1.0000	
0.6642	-0.5792	46.0000	0.1892	1.0000	32.0000	
1.1299	-1.0337	47.0000	Inf	13.0000	1.0000	
0.7806	-0.6928	48.0000	0.1316	2.0000	32.0000	
0.8816	-0.9508	49.0000	0.0419	14.0000	-1.0000	
0.8816	-0.9508	50.0000	0.0419	14.0000	-2.0000	
0.9125	-0.6620	51.0000	0.1064	14.0000	-1.0000	
0.9125	-0.6620	52.0000	0.1064	14.0000	-2.0000	
1.0135	-0.9200	53.0000	Inf	14.0000	1.0000	
0.8388	-0.7496	54.0000	0.1029	1.0000	32.0000	
0.8079	-1.0384	55.0000	Inf	15.0000	1.0000	
0.8863	-0.7561	56.0000	0.0894	1.0000	32.0000	
0.8816	-0.9508	57.0000	0.0419	16.0000	-1.0000	
0.8816	-0.9508	58.0000	0.0419	16.0000	-2.0000	
0.9291	-0.9573	59.0000	0.0284	16.0000	1.0000	
0.9743	-1.0612	60.0000	Inf	1.0000	2.0000	
0.9244	-1.1521	61.0000	Inf	17.0000	1.0000	
0.8959	-0.8551	62.0000	0.0623	2.0000	32.0000	
0.8816	-0.9508	63.0000	0.0419	18.0000	-1.0000	
0.8816	-0.9508	64.0000	0.0419	18.0000	-2.0000	
0.9149	-1.0531	65.0000	Inf	18.0000	1.0000	
0.9006	-0.9046	66.0000	0.0487	1.0000	32.0000	
0.9291	-0.9573	67.0000	0.0284	19.0000	-1.0000	
0.9291	-0.9573	68.0000	0.0284	19.0000	-2.0000	
0.9101	-1.0036	69.0000	Inf	19.0000	1.0000	
0.9030	-0.9293	70.0000	0.0419	2.0000	32.0000	
0.8816	-0.9508	71.0000	0.0419	20.0000	-1.0000	
0.8816	-0.9508	72.0000	0.0419	20.0000	-2.0000	
0.9077	-0.9788	73.0000	0.0284	20.0000	1.0000	
0.9101	-1.0036	74.0000	Inf	1.0000	2.0000	
0.9291	-0.9573	75.0000	0.0284	21.0000	-1.0000	
0.9291	-0.9573	76.0000	0.0284	21.0000	-2.0000	
0.9552	-0.9853	77.0000	0.0149	21.0000	1.0000	
0.9921	-1.0026	78.0000	Inf	1.0000	2.0000	
0.9339	-1.0068	79.0000	Inf	22.0000	1.0000	
0.9303	-0.9697	80.0000	0.0250	2.0000	32.0000	
0.9077	-0.9788	81.0000	0.0284	23.0000	-1.0000	
0.9077	-0.9788	82.0000	0.0284	23.0000	-2.0000	
0.9778	-0.9762	83.0000	0.0115	23.0000	1.0000	
1.0129	-0.9749	84.0000	Inf	1.0000	2.0000	
0.9552	-0.9853	85.0000	0.0149	24.0000	-1.0000	
0.9552	-0.9853	86.0000	0.0149	24.0000	-2.0000	
1.0028	-0.9918	87.0000	Inf	24.0000	1.0000	
0.9484	-0.9752	88.0000	0.0191	1.0000	32.0000	
0.9846	-0.9863	89.0000	0.0073	25.0000	1.0000	
1.0028	-0.9918	90.0000	Inf	2.0000	2.0000	
0.9778	-0.9762	91.0000	0.0115	26.0000	-1.0000	
0.9778	-0.9762	92.0000	0.0115	26.0000	-2.0000	
0.9552	-0.9853	93.0000	0.0149	26.0000	-1.0000	
0.9552	-0.9853	94.0000	0.0149	26.0000	-2.0000	
1.0072	-0.9772	95.0000	Inf	26.0000	1.0000	
0.9682	-0.9833	96.0000	0.0121	1.0000	32.0000	
0.9942	-0.9792	97.0000	0.0066	27.0000	1.0000	
1.0072	-0.9772	98.0000	Inf	2.0000	2.0000	
0.9846	-0.9863	99.0000	0.0073	28.0000	-1.0000	
0.9846	-0.9863	100.0000	0.0073	28.0000	-2.0000	
0.9778	-0.9762	101.0000	0.0115	28.0000	-1.0000	
0.9778	-0.9762	102.0000	0.0115	28.0000	-2.0000	
1.0011	-0.9893	103.0000	Inf	28.0000	1.0000	
0.9836	-0.9795	104.0000	0.0092	1.0000	32.0000	
0.9952	-0.9860	105.0000	0.0047	29.0000	1.0000	
1.0011	-0.9893	106.0000	Inf	2.0000	2.0000	
0.9942	-0.9792	107.0000	0.0066	30.0000	-1.0000	
0.9942	-0.9792	108.0000	0.0066	30.0000	-2.0000	
0.9846	-0.9863	109.0000	0.0073	30.0000	-1.0000	
0.9846	-0.9863	110.0000	0.0073	30.0000	-2.0000	
1.0048	-0.9790	111.0000	Inf	30.0000	1.0000	
0.9897	-0.9845	112.0000	0.0065	1.0000	32.0000	
0.9907	-0.9913	113.0000	0.0045	31.0000	1.0000	
0.9890	-0.9973	114.0000	0.0034	1.0000	2.0000	
0.9952	-0.9860	115.0000	0.0047	32.0000	-1.0000	
0.9952	-0.9860	116.0000	0.0047	32.0000	-2.0000	
0.9945	-0.9989	117.0000	0.0016	32.0000	1.0000	
0.9969	-1.0061	118.0000	Inf	1.0000	2.0000	
0.9882	-1.0102	119.0000	Inf	33.0000	1.0000	
0.9935	-0.9921	120.0000	0.0036	2.0000	32.0000	
0.9890	-0.9973	121.0000	0.0034	34.0000	-1.0000	
0.9890	-0.9973	122.0000	0.0034	34.0000	-2.0000	
0.9900	-1.0041	123.0000	Inf	34.0000	1.0000	
0.9926	-0.9951	124.0000	0.0031	1.0000	32.0000	
0.9945	-0.9989	125.0000	0.0016	35.0000	-1.0000	
0.9945	-0.9989	126.0000	0.0016	35.0000	-2.0000	
0.9982	-0.9967	127.0000	0.0013	35.0000	1.0000	
1.0028	-0.9963	128.0000	Inf	1.0000	2.0000	
1.0001	-1.0005	129.0000	Inf	36.0000	1.0000	
0.9945	-0.9964	130.0000	0.0023	2.0000	32.0000	
0.9945	-0.9989	131.0000	0.0016	37.0000	-1.0000	
0.9945	-0.9989	132.0000	0.0016	37.0000	-2.0000	
0.9982	-0.9991	133.0000	0.0007	37.0000	1.0000	
1.0001	-1.0005	134.0000	Inf	1.0000	2.0000	
0.9982	-0.9967	135.0000	0.0013	38.0000	-1.0000	
0.9982	-0.9967	136.0000	0.0013	38.0000	-2.0000	
1.0019	-0.9969	137.0000	Inf	38.0000	1.0000	
0.9963	-0.9984	138.0000	0.0013	1.0000	32.0000	
1.0000	-0.9974	139.0000	Inf	39.0000	1.0000	
0.9973	-0.9981	140.0000	0.0011	2.0000	32.0000	
0.9982	-0.9991	141.0000	0.0007	40.0000	-1.0000	
0.9982	-0.9991	142.0000	0.0007	40.0000	-2.0000	
0.9982	-0.9967	143.0000	0.0013	40.0000	-1.0000	
0.9982	-0.9967	144.0000	0.0013	40.0000	-2.0000	
0.9973	-1.0006	145.0000	Inf	40.0000	1.0000	
0.9980	-0.9976	146.0000	0.0011	1.0000	32.0000	
0.9989	-0.9986	147.0000	0.0006	41.0000	1.0000	
0.9997	-0.9989	148.0000	0.0004	1.0000	2.0000	
0.9982	-0.9991	149.0000	0.0007	42.0000	-1.0000	
0.9982	-0.9991	150.0000	0.0007	42.0000	-2.0000	
1.0000	-1.0003	151.0000	Inf	42.0000	1.0000	
0.9985	-0.9983	152.0000	0.0008	1.0000	32.0000	
0.9995	-0.9997	153.0000	0.0002	43.0000	1.0000	
1.0000	-1.0003	154.0000	Inf	2.0000	2.0000	
0.9997	-0.9989	155.0000	0.0004	44.0000	-1.0000	
0.9997	-0.9989	156.0000	0.0004	44.0000	-2.0000	
0.9982	-0.9991	157.0000	0.0007	44.0000	-1.0000	
0.9982	-0.9991	158.0000	0.0007	44.0000	-2.0000	
1.0009	-0.9994	159.0000	Inf	44.0000	1.0000	
0.9989	-0.9992	160.0000	0.0005	1.0000	32.0000	
1.0003	-0.9993	161.0000	Inf	45.0000	1.0000	
0.9992	-0.9992	162.0000	0.0004	2.0000	32.0000	
0.9995	-0.9997	163.0000	0.0002	46.0000	-1.0000	
0.9995	-0.9997	164.0000	0.0002	46.0000	-2.0000	
0.9997	-0.9989	165.0000	0.0004	46.0000	-1.0000	
0.9997	-0.9989	166.0000	0.0004	46.0000	-2.0000	
0.9999	-0.9993	167.0000	0.0002	46.0000	1.0000	
1.0003	-0.9993	168.0000	Inf	1.0000	2.0000	
0.9997	-1.0001	169.0000	Inf	47.0000	1.0000	
0.9997	-0.9992	170.0000	0.0003	2.0000	32.0000	
0.9995	-0.9997	171.0000	0.0002	48.0000	-1.0000	
0.9995	-0.9997	172.0000	0.0002	48.0000	-2.0000	
0.9997	-0.9998	173.0000	0.0001	48.0000	1.0000	
0.9997	-1.0001	174.0000	Inf	1.0000	2.0000	
0.9999	-0.9993	175.0000	0.0002	49.0000	-1.0000	
0.9999	-0.9993	176.0000	0.0002	49.0000	-2.0000	
1.0001	-0.9994	177.0000	Inf	49.0000	1.0000	
0.9996	-0.9996	178.0000	0.0002	1.0000	32.0000	
